Que-1              
______________
1  6  11  20  21
2  7  12  17  22
3  8  13  18  23
4  9  14  19  24
5  6  15  16  25
________________________________
Que-2
_______________
1  10  11  20  21
2  9   12  19  22
3  8   13  18  23
4  7   14  17  24
5  6   15  16  25
_________________________________
Que-3
_______________
5  10  15  20  25
4  9   14  19  24
3  8   13  18  23
2  7   12  17  22
1  6   11  16  21
_________________________________
Que-4
________________
1  2  3  4  5
2  3  4  5  6
3  4  5  6  7
4  5  6  7  8
5  6  7  8  9
_________________________________
Que-5
________________
1  3  5  7  9
3  5  7  9  11 
5  7  9 11  13
7  9 11 13  15
9 11 13 15  17
__________________________________
Que-6
_________________
0  1  0  1  0
0  0  0  0  0
0  1  0  1  0
0  0  0  0  0 
0  1  0  1  0
__________________________________
Que-7
_________________
1 0 1 0 1
0 1 0 1 0
1 0 1 0 1
0 1 0 1 0 
1 0 1 0 1
_________________________________
Que-8
_________________
1    2    3    5  
8   13   21   34 
55  89  144  233
377 610 987  1597
________________________________
Que-9
__________________
A  b   C   d  E 
f  G   h   I  j
K  l   M   n  O
p  Q   r   S  t
U  v   W   x  Y
________________________________
Que-10
__________________
  A  a  A  a  A
  b  B  b  B  b
  C  c  C  c  C
  d  D  d  D  d
  E  e  E  e  E

   